{
 "cells": [
  {
   "cell_type": "markdown",
   "id": "3daa3bcc",
   "metadata": {},
   "source": [
    "# Example run"
   ]
  },
  {
   "cell_type": "code",
   "execution_count": null,
   "id": "bfc30f8b",
   "metadata": {},
   "outputs": [],
   "source": [
    "############################################################################\n",
    "# this example script runs the ParamEstimator_SpaceAI code \n",
    "# for a single point and stores the output as a pickle object\n",
    "############################################################################"
   ]
  },
  {
   "cell_type": "markdown",
   "id": "c29c9eee",
   "metadata": {},
   "source": [
    "Simple analysis for a binary system GW signal.\n",
    "All GW parameters are required to inputed, then ParamEstimator_SpaceAI.py is used to reconstruct the signal and estimate the parameters and precision"
   ]
  },
  {
   "cell_type": "markdown",
   "id": "a72e0daa",
   "metadata": {},
   "source": [
    "## Initial settings"
   ]
  },
  {
   "cell_type": "markdown",
   "id": "b7f49a7f",
   "metadata": {},
   "source": [
    "### Packages"
   ]
  },
  {
   "cell_type": "code",
   "execution_count": 2,
   "id": "27036d6a",
   "metadata": {},
   "outputs": [],
   "source": [
    "\n",
    "######################################################\n",
    "# load python packages\n",
    "import pickle\n",
    "import numpy as np\n",
    "import time\n",
    "import os\n",
    "\n",
    "from Analysis_Scripts import constants as const\n",
    "from Analysis_Scripts import WD\n",
    "\n",
    "######################################################\n",
    "# load parameter estimation code\n",
    "import ParamEstimator_SpaceAI as AI_PE\n"
   ]
  },
  {
   "cell_type": "markdown",
   "id": "a829ce52",
   "metadata": {},
   "source": [
    "### Set GW input"
   ]
  },
  {
   "cell_type": "code",
   "execution_count": 3,
   "id": "41f8c86f",
   "metadata": {},
   "outputs": [],
   "source": [
    "\n",
    "######################################################\n",
    "# set parameters\n",
    "### These parameters can be changed in order to evaluate the signal of various sources\n",
    "\n",
    "#######################\n",
    "# GW source\n",
    "source_Mc = 0.75 # detector-frame chirp mass [Msol]])\n",
    "source_q = 1.05 # mass ratio (m_1/m_2)\n",
    "source_dL = 25. # luminosity distance [Mpc]\n",
    "source_tau0= 0. #decided to be the same as coalescence time\n",
    "source_tc = 0. # time of merger, measured from the solar equinox [seconds]\n",
    "source_phi0 = 0. # [0,2*np.pi] phase of the GW signal at fGWmin\n",
    "source_iota = np.pi/4. # [0,np.pi]angle between sky localization and orbital momentum of the binary [rad]\n",
    "source_psi = np.pi*3/4. # [0,2*np.pi]polarization angle [rad]\n",
    "source_RA = np.pi # [0,2*np.pi]source right ascesnsion [rad], max at np.pi/2 for other values maximised\n",
    "source_DEC_title = -np.pi/6. # [-np.pi/2,np.pi/2] source declination [rad], max at np.pi/2\n",
    "source_DEC = source_DEC_title - np.pi*23.4/180\n",
    "duration = 1. # duration of the observation [years]\n",
    "\n",
    "#######################\n",
    "# detector\n",
    "detector_fGWmin = 0.01 # smallest frequency considered [Hz]\n",
    "detector_fGWmax = 4. # largest frequency considered [Hz]\n",
    "detector_max_measurement_time = duration*const.year # if detector_max_measurement_time [seconds] is longer than the lifetime of the source in the band, only the last detector_max_measurement_time piece of the signal in the band is considered\n",
    "detector_orbit_R_cb = 8.44e6 # radius of the orbit of the center of the baseline around Earth [m]\n",
    "detector_orbit_R_sat = 2e7 # radius of the orbit of the satellite around Earth [m], for period\n",
    "detector_orbit_t0 = const.year/4 # reference time for fixing orbit of satellite around Earth [seconds]\n",
    "detector_orbit_RA0 = np.pi/2 # right ascension of the satellite at t0 [rad]\n",
    "detector_orbit_DEC0 = -23.4*np.pi/180  # declination of the satellite at t0 [rad]\n",
    "\n",
    "#######################\n",
    "# post-newtonian order\n",
    "PN_order_phase = 3.5\n",
    "PN_order_amplitude = 3.0\n",
    "\n",
    "#######################\n",
    "# use fast tau evaluation?\n",
    "fast_tau_evaluation = False # boolean Flag. Set to True to use leading-order\n",
    "                           # expression for calculation of tau(f_GW), \\\n",
    "                           # if False the PN expressions will be used\n"
   ]
  },
  {
   "cell_type": "markdown",
   "id": "97c86603",
   "metadata": {},
   "source": [
    "### Initialization of the output folder"
   ]
  },
  {
   "cell_type": "code",
   "execution_count": 4,
   "id": "7191ad88",
   "metadata": {},
   "outputs": [],
   "source": [
    "#######################\n",
    "# set up path to store results\n",
    "timestamp_str = time.strftime(\"%Y%m%d\")\n",
    "fpath_out = \"ExampleOutput/results_Example_SpaceAI_\"+timestamp_str+\"/\"\n",
    "######################\n",
    "# create output directory\n",
    "if not os.path.exists(fpath_out):\n",
    "    os.makedirs(fpath_out)\n",
    "\n",
    "######################################################\n",
    "# run\n",
    "######################################################\n",
    "# get some derived parameters\n",
    "detector_orbit_period = AI_PE.antennaFuns_satellites.period_satellite_earth(detector_orbit_R_sat)\n"
   ]
  },
  {
   "cell_type": "markdown",
   "id": "f26d1008",
   "metadata": {},
   "source": [
    "### Initialization and information of the studied binary (WDB)"
   ]
  },
  {
   "cell_type": "code",
   "execution_count": 5,
   "id": "a59daae0",
   "metadata": {},
   "outputs": [
    {
     "name": "stdout",
     "output_type": "stream",
     "text": [
      "\n",
      "-------------------------------------------\n",
      "Type of binary:  WD-WD\n",
      "The masses of the two bodies is  0.841  and  0.883  Solar Masses\n",
      "Cutoff Frequency due to RLOF:  0.0641  Hz\n",
      "Evaluation for frequencies between  0.0641  and  0.0641  Hz\n",
      "Measurement duration is  3.17e-08  yr\n",
      "Multiple critical point could appear at:\n",
      "- From Earth rotation around the Sun from frequency  0.0214  Hz  and above\n",
      "- WARNING:\n",
      "  From Satellite rotation around Earth from frequency  0.173  Hz and above\n",
      "-------------------------------------------\n",
      "\n"
     ]
    }
   ],
   "source": [
    "#######################\n",
    "# check type of binary\n",
    "WDbinary = WD.WDclass(\n",
    "        source_Mc=source_Mc,\n",
    "        source_q=source_q,\n",
    "        detector_fGWmin=detector_fGWmin,\n",
    "        detector_fGWmax=detector_fGWmax,\n",
    "        max_measurement_time=duration)\n",
    "\n",
    "WDbinary.INFO()"
   ]
  },
  {
   "cell_type": "markdown",
   "id": "2c5ea7b6",
   "metadata": {},
   "source": [
    "## Run"
   ]
  },
  {
   "cell_type": "markdown",
   "id": "7c7a6ec2",
   "metadata": {},
   "source": [
    "### Save inputted setting for future reference"
   ]
  },
  {
   "cell_type": "code",
   "execution_count": 6,
   "id": "6766abd4",
   "metadata": {},
   "outputs": [],
   "source": [
    "\n",
    "#######################\n",
    "# write info file\n",
    "fo = open(fpath_out+'/info.txt', 'w')\n",
    "fo.write('# RUNNING WITH AIMforGW_frequencies.ParamEstimator_SpaceAI\\n')\n",
    "\n",
    "fo.write('# inputs for GW source\\n')\n",
    "fo.write(str(source_Mc)+' # detector-frame chirp mass [Msol]]\\n')\n",
    "fo.write(str(source_q)+' # source_q, mass ratio (m_1/m_2)\\n')\n",
    "fo.write(str(source_dL)+' # source_dL, luminosity distance [Mpc]\\n')\n",
    "fo.write(str(source_phi0)+' # source_phi0, phase of the GW signal at fGWmin\\n')\n",
    "fo.write(str(source_tc)+' # source_tc, time of merger, measured from the solar equinox [seconds]\\n')\n",
    "fo.write(str(source_iota)+' # source_iota, angle between sky localization and orbital momentum of the binary [rad]\\n')\n",
    "fo.write(str(source_psi)+' # source_psi, polarization angle [rad]\\n')\n",
    "fo.write(str(source_RA)+' # source right ascension [rad]\\n')\n",
    "fo.write(str(source_DEC)+' # source declination [rad]\\n')\n",
    "\n",
    "fo.write('# inputs for detector\\n')\n",
    "fo.write(str(detector_fGWmin)+' # detector_fGWmin, smallest frequency considered [Hz]\\n')\n",
    "fo.write(str(detector_fGWmax)+' # detector_fGWmax, largest frequency considered [Hz]\\n')\n",
    "fo.write(str(detector_max_measurement_time)+' # detector_max_measurement_time, max length of signal considered [seconds]\\n')\n",
    "fo.write(str(detector_orbit_R_cb)+' # detector_orbit_R_cb, radius of the orbit of the center of the baseline around Earth [m]\\n')\n",
    "fo.write(str(detector_orbit_R_sat)+' # detector_orbit_R_sat, radius of the orbit of the satellite around Earth [m], for period\\n')\n",
    "fo.write(str(detector_orbit_t0)+' # detector_orbit_t0, reference time for fixing orbit of satellite around Earth [seconds]\\n')\n",
    "fo.write(str(detector_orbit_RA0)+' # detector_orbit_RA0, right ascension of the satellite at t0 [rad]\\n')\n",
    "fo.write(str(detector_orbit_DEC0)+' # detector_orbit_DEC0, declination of the satellite at t0 [rad]\\n')\n",
    "\n",
    "fo.write('# inputs computation\\n')\n",
    "fo.write(str(PN_order_phase)+' # PN_order_phase\\n')\n",
    "fo.write(str(PN_order_amplitude)+' # PN_order_amplitude\\n')\n",
    "fo.write(str(fast_tau_evaluation)+ ' # Fast tau(fGW) evaluation flag\\n')\n",
    "fo.close()"
   ]
  },
  {
   "cell_type": "markdown",
   "id": "1688f57e",
   "metadata": {},
   "source": [
    "### Initialize the GW signal class"
   ]
  },
  {
   "cell_type": "code",
   "execution_count": 7,
   "id": "aab64533",
   "metadata": {},
   "outputs": [],
   "source": [
    "\n",
    "#######################\n",
    "# create an instance of the GW_event class\n",
    "event = AI_PE.GW_event(\n",
    "   source_Mc,\n",
    "   source_q,\n",
    "   source_iota,\n",
    "   source_phi0,\n",
    "   source_tc,\n",
    "   source_dL,\n",
    "   source_RA,\n",
    "   source_DEC,\n",
    "   source_psi,\n",
    "   detector_fGWmin,\n",
    "   detector_fGWmax,\n",
    "   detector_orbit_R_cb,\n",
    "   detector_orbit_period,\n",
    "   detector_orbit_t0,\n",
    "   detector_orbit_RA0,\n",
    "   detector_orbit_DEC0,\n",
    "   PN_order_phase,\n",
    "   PN_order_amplitude,\n",
    "   fast_tau_evaluation = fast_tau_evaluation,\n",
    "   verbose = True\n",
    "   )"
   ]
  },
  {
   "cell_type": "markdown",
   "id": "42a293c8",
   "metadata": {},
   "source": [
    "### Run the parameter reconstruction"
   ]
  },
  {
   "cell_type": "code",
   "execution_count": null,
   "id": "4f6082b0",
   "metadata": {},
   "outputs": [],
   "source": [
    "# compute Fisher Matrix\n",
    "event.get_SNR_FisherMatrix()"
   ]
  },
  {
   "cell_type": "markdown",
   "id": "59f47bd7",
   "metadata": {},
   "source": [
    "### Extract the information and save them"
   ]
  },
  {
   "cell_type": "code",
   "execution_count": 8,
   "id": "8d9d11f7",
   "metadata": {},
   "outputs": [
    {
     "name": "stdout",
     "output_type": "stream",
     "text": [
      "Starting calculation of FisherMat.\n",
      "Finished calculation of SNR and FisherMat. Time elapsed: 695.2 sec\n"
     ]
    }
   ],
   "source": [
    "\n",
    "# compute covariance matrices without priors\n",
    "event.get_CoVaMat()\n",
    "event.get_CoVaMat_dimless()\n",
    "event.get_angular_resolution()\n",
    "# compute covariance matrices with priors\n",
    "event.get_CoVaMat_priors()\n",
    "event.get_CoVaMat_priors_dimless()\n",
    "event.get_angular_resolution_priors()\n",
    "# save event\n",
    "with open(fpath_out+'/data.pkl', 'wb') as outp:\n",
    "    pickle.dump(event, outp, pickle.HIGHEST_PROTOCOL)"
   ]
  },
  {
   "cell_type": "markdown",
   "id": "5e2b88d9",
   "metadata": {},
   "source": [
    "The output of the run is saved in the folder ExampleOutput/result_Example_SpaceAI_'date of the run' under the name data.pkl"
   ]
  },
  {
   "cell_type": "markdown",
   "id": "31d90bb1",
   "metadata": {},
   "source": [
    "## Output"
   ]
  },
  {
   "cell_type": "markdown",
   "id": "306fa516",
   "metadata": {},
   "source": [
    "### Print the information of interest"
   ]
  },
  {
   "cell_type": "code",
   "execution_count": 9,
   "id": "29fa7348",
   "metadata": {},
   "outputs": [
    {
     "name": "stdout",
     "output_type": "stream",
     "text": [
      "170.240695573928\n",
      "[[ 2.23009563e+17 -4.13173658e+11  6.06207728e+07  9.85863257e+09\n",
      "   1.38138285e+10 -8.52518396e+00 -5.01947099e+11  6.15158963e+12\n",
      "   9.78243249e+09]\n",
      " [-4.13173658e+11  7.69837516e+05 -1.07261739e+02 -1.74627405e+04\n",
      "  -2.08548405e+04 -1.33101610e-05  8.61694773e+05 -7.48593592e+06\n",
      "  -1.73277223e+04]\n",
      " [ 6.06207728e+07 -1.07261739e+02  1.15397298e+02  4.20696683e+00\n",
      "   1.07839618e+01  5.49338629e+00 -5.97870341e+02  7.05137555e+03\n",
      "   2.97471878e+00]\n",
      " [ 9.85863257e+09 -1.74627405e+04  4.20696683e+00  6.80988527e+02\n",
      "   1.71880081e+03 -1.88210913e-13 -9.21690706e+04  1.10902167e+06\n",
      "   6.75746708e+02]\n",
      " [ 1.38138285e+10 -2.08548405e+04  1.07839618e+01  1.71880081e+03\n",
      "   6.97316006e+03  9.03660615e-07 -2.36942856e+05  5.18154567e+06\n",
      "   1.70560550e+03]\n",
      " [-8.52518396e+00 -1.33101610e-05  5.49338629e+00 -1.88210913e-13\n",
      "   9.03660615e-07  2.72385113e-01 -1.23873384e+00  2.85235500e+00\n",
      "  -5.94943756e-02]\n",
      " [-5.01947099e+11  8.61694773e+05 -5.97870341e+02 -9.21690706e+04\n",
      "  -2.36942856e+05 -1.23873384e+00  4.29905263e+07 -1.41756249e+08\n",
      "  -9.14620504e+04]\n",
      " [ 6.15158963e+12 -7.48593592e+06  7.05137555e+03  1.10902167e+06\n",
      "   5.18154567e+06  2.85235500e+00 -1.41756249e+08  4.01152259e+09\n",
      "   1.10052206e+06]\n",
      " [ 9.78243249e+09 -1.73277223e+04  2.97471878e+00  6.75746708e+02\n",
      "   1.70560550e+03 -5.94943756e-02 -9.14620504e+04  1.10052206e+06\n",
      "   6.72849355e+02]]\n",
      "[[ 3.70664624e-14  1.92225007e-08  8.01575587e-11 -4.72823838e-08\n",
      "   2.99243932e-08 -1.25398774e-09 -4.75962010e-11 -4.83213771e-11\n",
      "   3.25296852e-10]\n",
      " [ 1.92225007e-08  9.99323202e-03  4.65302439e-05 -2.33634748e-02\n",
      "   1.55648634e-02 -7.41664196e-04 -2.33907181e-05 -2.53471018e-05\n",
      "   1.67804738e-04]\n",
      " [ 8.01575587e-11  4.65302439e-05  2.18235585e-01 -1.16235717e-03\n",
      "   3.54236416e-05 -4.40131151e+00  1.70432854e-07 -1.35135139e-07\n",
      "   6.42167991e-07]\n",
      " [-4.72823838e-08 -2.33634748e-02 -1.16235717e-03  5.56926444e-01\n",
      "  -4.86993426e-02 -7.13544831e-02  1.20720948e-04  6.10616245e-05\n",
      "  -4.33585146e-01]\n",
      " [ 2.99243932e-08  1.55648634e-02  3.54236416e-05 -4.86993426e-02\n",
      "   4.22472528e-02 -1.53788604e-04 -2.81217376e-05 -5.90289334e-05\n",
      "   3.15085095e-04]\n",
      " [-1.25398774e-09 -7.41664196e-04 -4.40131151e+00 -7.13544831e-02\n",
      "  -1.53788604e-04  9.24564708e+01 -3.17521947e-06  1.87151233e-06\n",
      "   9.53241759e-02]\n",
      " [-4.75962010e-11 -2.33907181e-05  1.70432854e-07  1.20720948e-04\n",
      "  -2.81217376e-05 -3.17521947e-06  1.65459887e-07  3.82440969e-08\n",
      "  -4.00245277e-07]\n",
      " [-4.83213771e-11 -2.53471018e-05 -1.35135139e-07  6.10616245e-05\n",
      "  -5.90289334e-05  1.87151233e-06  3.82440969e-08  8.78966088e-08\n",
      "  -4.79765807e-07]\n",
      " [ 3.25296852e-10  1.67804738e-04  6.42168263e-07 -4.33585146e-01\n",
      "   3.15085095e-04  9.53241759e-02 -4.00245277e-07 -4.79765807e-07\n",
      "   4.36470447e-01]]\n",
      "[[ 6.58959331e-14  2.56300009e-08  1.06876745e-10 -6.30431785e-08\n",
      "   3.98991909e-08 -6.68793462e-11 -6.34616013e-11 -6.44285028e-11\n",
      "   4.33729137e-10]\n",
      " [ 2.56300009e-08  9.99323202e-03  4.65302439e-05 -2.33634748e-02\n",
      "   1.55648634e-02 -2.96665678e-05 -2.33907181e-05 -2.53471018e-05\n",
      "   1.67804738e-04]\n",
      " [ 1.06876745e-10  4.65302439e-05  2.18235585e-01 -1.16235718e-03\n",
      "   3.54236416e-05 -1.76052460e-01  1.70432854e-07 -1.35135139e-07\n",
      "   6.42168457e-07]\n",
      " [-6.30431785e-08 -2.33634748e-02 -1.16235717e-03  5.56926444e-01\n",
      "  -4.86993426e-02 -2.85417932e-03  1.20720948e-04  6.10616245e-05\n",
      "  -4.33585146e-01]\n",
      " [ 3.98991909e-08  1.55648634e-02  3.54236416e-05 -4.86993426e-02\n",
      "   4.22472528e-02 -6.15154415e-06 -2.81217376e-05 -5.90289334e-05\n",
      "   3.15085095e-04]\n",
      " [-6.68793462e-11 -2.96665678e-05 -1.76052460e-01 -2.85417932e-03\n",
      "  -6.15154416e-06  1.47930353e-01 -1.27008779e-07  7.48604932e-08\n",
      "   3.81296703e-03]\n",
      " [-6.34616013e-11 -2.33907181e-05  1.70432854e-07  1.20720948e-04\n",
      "  -2.81217376e-05 -1.27008779e-07  1.65459887e-07  3.82440969e-08\n",
      "  -4.00245277e-07]\n",
      " [-6.44285028e-11 -2.53471018e-05 -1.35135139e-07  6.10616245e-05\n",
      "  -5.90289334e-05  7.48604931e-08  3.82440969e-08  8.78966088e-08\n",
      "  -4.79765807e-07]\n",
      " [ 4.33729137e-10  1.67804738e-04  6.42168263e-07 -4.33585146e-01\n",
      "   3.15085095e-04  3.81296703e-03 -4.00245277e-07 -4.79765807e-07\n",
      "   4.36470447e-01]]\n"
     ]
    }
   ],
   "source": [
    "print(event.SNR2)\n",
    "print(event.FisherMat)\n",
    "print(event.CoVaMat)\n",
    "print(event.CoVaMat_dimless)"
   ]
  },
  {
   "cell_type": "markdown",
   "id": "db171841",
   "metadata": {},
   "source": [
    "End"
   ]
  },
  {
   "cell_type": "markdown",
   "id": "75556eee",
   "metadata": {},
   "source": []
  }
 ],
 "metadata": {
  "kernelspec": {
   "display_name": "Python 3",
   "language": "python",
   "name": "python3"
  },
  "language_info": {
   "codemirror_mode": {
    "name": "ipython",
    "version": 3
   },
   "file_extension": ".py",
   "mimetype": "text/x-python",
   "name": "python",
   "nbconvert_exporter": "python",
   "pygments_lexer": "ipython3",
   "version": "3.10.12"
  }
 },
 "nbformat": 4,
 "nbformat_minor": 5
}
